[CAMERA]
mincanny = 176
maxcanny = 14
minsize = 2692
maxsize = 5797
border = 6
blur = 5
pixelpermm = 1.2095423311775007

[General]
camera = 1

[COORD]
mincanny = 296
maxcanny = 350
minsize = 164
maxsize = 350
blur = 5
originpoint = [204.5, 98.5]
xpoint = [491.5, 197.5]
ypoint = [144.5, 271.0]
rotation = 0.33216684432761184
incline = 0.34494773519163763
distanceorigintox = 251

